9.25,11.425
9.275,11.4
9.3,11.375
9.325,11.35
9.35,11.325
9.35,11.3
9.375,11.275
9.4,11.25
9.425,11.225
9.45,11.2
9.475,11.175
9.475,11.15
9.5,11.125
9.525,11.1
9.55,11.075
9.575,11.05
9.575,11.025
9.6,11
9.6,10.975
9.625,10.95
9.65,10.925
9.675,10.9
9.7,10.875
9.725,10.85
9.75,10.825
9.775,10.8
9.8,10.775
9.825,10.75
9.85,10.725
9.85,10.7
9.875,10.675
9.9,10.65
9.925,10.625
9.95,10.6
9.975,10.575
9.975,10.55
10,10.525
10.025,10.5
10.05,10.475
10.05,10.45
10.075,10.425
10.1,10.4
10.125,10.375
10.15,10.35
10.175,10.325
10.2,10.3
10.225,10.275
10.25,10.25
10.275,10.225
10.3,10.2
10.325,10.175
10.35,10.15
10.375,10.125
10.4,10.1
10.425,10.075
10.45,10.05
10.475,10.025
10.5,10
10.525,9.975
10.55,9.95
10.575,9.925
10.6,9.9
10.625,9.875
10.65,9.875
10.675,9.85
10.675,9.825
10.7,9.8
10.725,9.775
10.75,9.775
10.775,9.75
10.8,9.725
10.8,9.7
10.825,9.7
10.85,9.675
10.875,9.65
10.9,9.625
10.925,9.6
10.95,9.575
10.975,9.55
11,9.55
11.025,9.525
11.05,9.5
11.075,9.475
11.1,9.45
11.125,9.425
11.15,9.425
11.175,9.4
11.2,9.375
11.225,9.35
11.25,9.325
11.275,9.3
11.3,9.3
11.325,9.275
11.35,9.25
11.375,9.225
11.4,9.2
11.425,9.2
11.45,9.175
11.475,9.15
11.5,9.125
11.525,9.1
11.55,9.1
11.575,9.075
11.6,9.05
11.625,9.025
11.65,9.025
11.675,9
11.7,8.975
11.725,8.95
11.75,8.95
11.775,8.925
11.8,8.9
11.825,8.9
11.85,8.875
11.875,8.85
11.9,8.825
11.925,8.825
11.95,8.8
11.975,8.775
12,8.775
12.025,8.75
12.05,8.725
12.075,8.725
12.1,8.7
12.125,8.675
12.15,8.675
12.175,8.65
12.2,8.625
12.225,8.625
12.25,8.6
12.275,8.575
12.3,8.575
12.325,8.55
12.35,8.525
12.375,8.525
12.4,8.5
12.425,8.475
12.45,8.475
12.475,8.45
12.5,8.45
12.525,8.425
12.55,8.4
12.575,8.4
12.6,8.375
12.625,8.35
12.65,8.35
12.675,8.325
12.7,8.325
12.725,8.3
12.75,8.3
12.775,8.275
12.8,8.275
12.825,8.25
12.85,8.225
12.875,8.225
12.9,8.2
12.925,8.2
12.95,8.175
12.975,8.15
13,8.15
13.025,8.125
13.05,8.125
13.075,8.1
13.1,8.1
13.125,8.075
13.15,8.075
13.175,8.05
13.2,8.025
13.225,8.025
13.25,8.025
13.275,8
13.3,7.975
13.325,7.975
13.35,7.95
13.375,7.95
13.4,7.925
13.425,7.925
13.45,7.9
13.475,7.9
13.5,7.875
13.525,7.875
13.55,7.85
13.575,7.85
13.6,7.825
13.625,7.825
13.65,7.8
13.675,7.8
13.7,7.775
13.725,7.775
13.75,7.775
13.775,7.75
13.8,7.75
13.825,7.725
13.85,7.725
13.875,7.7
13.9,7.7
13.925,7.675
13.95,7.675
13.975,7.65
14,7.65
14.025,7.65
14.05,7.625
14.075,7.625
14.1,7.6
14.125,7.6
14.15,7.575
14.175,7.575
14.2,7.575
14.225,7.55
14.25,7.55
14.275,7.55
14.3,7.525
14.325,7.525
14.35,7.5
14.375,7.5
14.4,7.475
14.425,7.475
14.45,7.475
14.475,7.45
14.5,7.45
14.525,7.45
14.55,7.425
14.575,7.425
14.6,7.4
14.625,7.4
14.65,7.4
14.675,7.375
14.7,7.375
14.725,7.375
14.75,7.35
14.775,7.35
14.8,7.35
14.825,7.325
14.85,7.325
14.875,7.325
14.9,7.3
14.925,7.3
14.95,7.275
14.975,7.275
15,7.275
15.025,7.25
15.05,7.25
15.075,7.25
15.1,7.25
15.125,7.225
15.15,7.225
15.175,7.225
15.2,7.2
15.225,7.2
15.25,7.2
15.275,7.175
15.3,7.175
15.325,7.175
15.35,7.15
15.375,7.15
15.4,7.15
15.425,7.125
15.45,7.125
15.475,7.125
15.5,7.125
15.525,7.1
15.55,7.1
15.575,7.1
15.6,7.075
15.625,7.075
15.65,7.075
15.675,7.075
15.7,7.05
15.725,7.05
15.75,7.05
15.775,7.05
15.8,7.025
15.825,7.025
15.85,7.025
15.875,7.025
15.9,7
15.925,7
15.95,7
15.975,6.975
16,6.975
16.025,6.975
16.05,6.975
16.075,6.95
16.1,6.95
16.125,6.95
16.15,6.95
16.175,6.925
16.2,6.925
16.225,6.925
16.25,6.925
16.275,6.9
16.3,6.9
16.325,6.9
16.35,6.9
16.375,6.875
16.4,6.875
16.425,6.875
16.45,6.875
16.475,6.85
16.5,6.85
16.525,6.85
16.55,6.85
16.575,6.825
16.6,6.825
16.625,6.825
16.65,6.825
16.675,6.8
16.7,6.8
16.725,6.8
16.75,6.8
16.775,6.775
16.8,6.775
16.825,6.775
16.85,6.775
16.875,6.75
16.9,6.75
16.925,6.75
16.95,6.75
16.975,6.725
17,6.725
17.025,6.725
17.05,6.725
17.075,6.7
17.1,6.7
17.125,6.7
17.15,6.7
17.175,6.7
17.2,6.675
17.225,6.675
17.25,6.675
17.275,6.675
17.3,6.65
17.325,6.65
17.35,6.65
17.375,6.65
17.4,6.625
17.425,6.625
17.45,6.625
17.475,6.625
17.5,6.625
17.525,6.6
17.55,6.6
17.575,6.6
17.6,6.6
17.625,6.575
17.65,6.575
17.675,6.575
17.7,6.575
17.725,6.55
17.75,6.55
17.775,6.55
17.8,6.55
17.825,6.525
17.85,6.525
17.875,6.525
17.9,6.525
17.925,6.525
17.95,6.5
17.975,6.5
18,6.5
18.025,6.5
18.05,6.475
18.075,6.475
18.1,6.475
18.125,6.475
18.15,6.475
18.175,6.45
18.2,6.45
18.225,6.45
18.25,6.45
18.275,6.425
18.3,6.425
18.325,6.425
18.35,6.425
18.375,6.4
18.4,6.4
18.425,6.4
18.45,6.4
18.475,6.4
18.5,6.375
18.525,6.375
18.55,6.375
18.575,6.375
18.6,6.375
18.625,6.35
18.65,6.35
18.675,6.35
18.7,6.35
18.725,6.325
18.75,6.325
18.775,6.325
18.8,6.325
18.825,6.325
18.85,6.3
18.875,6.3
18.9,6.3
18.925,6.3
18.95,6.275
18.975,6.275
19,6.275
19.025,6.275
19.05,6.275
19.075,6.275
19.1,6.25
19.125,6.25
19.15,6.25
19.175,6.25
19.2,6.225
19.225,6.225
19.25,6.225
19.275,6.225
19.3,6.225
19.325,6.2
19.35,6.2
19.375,6.2
19.4,6.2
19.425,6.2
19.45,6.175
19.475,6.175
19.5,6.175
19.525,6.175
19.55,6.175
19.575,6.175
19.6,6.15
19.625,6.15
19.65,6.15
19.675,6.15
19.7,6.125
19.725,6.125
19.75,6.125
19.775,6.125
19.8,6.125
19.825,6.1
19.85,6.1
19.875,6.1
19.9,6.1
19.925,6.1
19.95,6.1
19.975,6.075
20,6.075
20.025,6.075
20.05,6.075
20.075,6.075
20.1,6.05
20.125,6.05
20.15,6.05
20.175,6.05
20.2,6.05
20.225,6.025
20.25,6.025
20.275,6.025
20.3,6.025
20.325,6.025
20.35,6
20.375,6
20.4,6
20.425,6
20.45,6
20.475,6
20.5,5.975
20.525,5.975
20.55,5.975
20.575,5.975
20.6,5.975
20.625,5.975
20.65,5.95
20.675,5.95
20.7,5.95
20.725,5.95
20.75,5.95
20.775,5.95
20.8,5.925
20.825,5.925
20.85,5.925
20.875,5.925
20.9,5.925
20.925,5.9
20.95,5.9
20.975,5.9
21,5.9
21.025,5.9
21.05,5.9
21.075,5.9
21.1,5.875
21.125,5.875
21.15,5.875
21.175,5.875
21.2,5.875
21.225,5.875
21.25,5.85
21.275,5.85
21.3,5.85
21.325,5.85
21.35,5.85
21.375,5.85
21.4,5.85
21.425,5.825
21.45,5.825
21.475,5.825
21.5,5.825
21.525,5.825
21.55,5.825
21.575,5.8
21.6,5.8
21.625,5.8
21.65,5.8
21.675,5.8
21.7,5.8
21.725,5.8
21.75,5.775
21.775,5.775
21.8,5.775
21.825,5.775
21.85,5.775
21.875,5.775
21.9,5.775
21.925,5.75
21.95,5.75
21.975,5.75
22,5.75
22.025,5.75
22.05,5.75
22.075,5.725
22.1,5.725
22.125,5.725
22.15,5.725
22.175,5.725
22.2,5.725
22.225,5.725
22.25,5.725
22.275,5.7
22.3,5.7
22.325,5.7
22.35,5.7
22.375,5.7
22.4,5.7
22.425,5.7
22.45,5.675
22.475,5.675
22.5,5.675
22.525,5.675
22.55,5.675
22.575,5.675
22.6,5.675
22.625,5.675
22.65,5.65
22.675,5.65
22.7,5.65
22.725,5.65
22.75,5.65
22.775,5.65
22.8,5.65
22.825,5.625
22.85,5.625
22.875,5.625
22.9,5.625
22.925,5.625
22.95,5.625
22.975,5.625
23,5.625
23.025,5.6
23.05,5.6
23.075,5.6
23.1,5.6
23.125,5.6
23.15,5.6
23.175,5.6
23.2,5.575
23.225,5.575
23.25,5.575
23.275,5.575
23.3,5.575
23.325,5.575
23.35,5.575
23.375,5.575
23.4,5.55
23.425,5.55
23.45,5.55
23.475,5.55
23.5,5.55
23.525,5.55
23.55,5.55
23.575,5.55
23.6,5.525
23.625,5.525
23.65,5.525
23.675,5.525
23.7,5.525
23.725,5.525
23.75,5.525
23.775,5.525
23.8,5.5
23.825,5.5
23.85,5.5
23.875,5.5
23.9,5.5
23.925,5.5
23.95,5.5
23.975,5.5
24,5.5
24.025,5.5
24.05,5.475
24.075,5.475
24.1,5.475
24.125,5.475
24.15,5.475
24.175,5.475
24.2,5.475
24.225,5.475
24.25,5.475
24.275,5.45
24.3,5.45
24.325,5.45
24.35,5.45
24.375,5.45
24.4,5.45
24.425,5.45
24.45,5.45
24.475,5.45
24.5,5.45
24.525,5.425
24.55,5.425
24.575,5.425
24.6,5.425
24.625,5.425
24.65,5.425
24.675,5.425
24.7,5.425
24.725,5.425
24.75,5.425
24.775,5.425
24.8,5.425
24.825,5.4
24.85,5.4
24.875,5.4
24.9,5.4
24.925,5.4
24.95,5.4
24.975,5.4
25,5.4
25.025,5.4
25.05,5.4
25.075,5.4
25.1,5.4
25.125,5.375
25.15,5.375
25.175,5.375
25.2,5.375
25.225,5.375
25.25,5.375
25.275,5.375
25.3,5.375
25.325,5.375
25.35,5.375
25.375,5.375
25.4,5.375
25.425,5.375
25.45,5.375
25.475,5.35
25.5,5.35
25.525,5.35
25.55,5.35
25.575,5.35
25.6,5.35
25.625,5.35
25.65,5.35
25.675,5.35
25.7,5.35
25.725,5.35
25.75,5.35
25.775,5.35
25.8,5.35
25.825,5.35
25.85,5.325
25.875,5.325
25.9,5.325
25.925,5.325
25.95,5.325
25.975,5.325
26,5.325
26.025,5.325
26.05,5.325
26.075,5.325
26.1,5.325
26.125,5.325
26.15,5.325
26.175,5.325
26.2,5.325
26.225,5.325
26.25,5.325
26.275,5.3
26.3,5.3
26.325,5.3
26.35,5.3
26.375,5.3
26.4,5.3
26.425,5.3
26.45,5.3
26.475,5.3
26.5,5.3
26.525,5.3
26.55,5.3
26.575,5.3
26.6,5.3
26.625,5.3
26.65,5.3
26.675,5.3
26.7,5.3
26.725,5.3
26.75,5.3
26.775,5.275
26.8,5.3
26.825,5.3
26.85,5.3
26.875,5.3
26.9,5.3
26.925,5.3
26.95,5.275
26.975,5.275
27,5.275
27.025,5.275
27.05,5.275
27.075,5.275
27.1,5.275
27.125,5.275
27.15,5.275
27.175,5.275
27.2,5.275
27.225,5.275
27.25,5.25
27.275,5.25
27.3,5.25
27.325,5.25
27.35,5.25
27.375,5.25
27.4,5.25
27.425,5.25
27.45,5.25
27.475,5.25
27.5,5.25
27.525,5.25
27.55,5.25
27.575,5.225
27.6,5.225
27.625,5.225
27.65,5.225
27.675,5.225
27.7,5.225
27.725,5.225
27.75,5.225
27.775,5.225
27.8,5.225
27.825,5.225
27.85,5.225
27.875,5.225
27.9,5.225
27.925,5.225
27.95,5.225
27.975,5.225
28,5.225
28.025,5.225
28.05,5.225
28.075,5.225
28.1,5.2
28.125,5.2
28.15,5.2
28.175,5.2
28.2,5.2
28.225,5.2
28.25,5.2
28.275,5.2
28.3,5.2
28.325,5.2
28.35,5.2
28.375,5.2
28.4,5.2
28.425,5.2
28.45,5.2
28.475,5.2
28.5,5.2
28.525,5.2
28.55,5.2
28.575,5.2
28.6,5.2
28.625,5.2
28.65,5.2
28.675,5.175
28.7,5.175
28.725,5.2
28.75,5.175
28.775,5.175
28.8,5.175
28.825,5.175
28.85,5.175
28.875,5.175
28.9,5.175
28.925,5.175
28.95,5.175
28.975,5.175
29,5.175
29.025,5.175
29.05,5.175
29.075,5.175
29.1,5.175
29.125,5.175
29.15,5.175
29.175,5.175
29.2,5.175
29.225,5.175
29.25,5.175
29.275,5.175
29.3,5.175
29.325,5.175
29.35,5.175
29.375,5.175
29.4,5.175
29.425,5.175
29.45,5.175
29.475,5.175
29.5,5.175
29.525,5.175
29.55,5.175
29.575,5.175
29.6,5.175
29.625,5.175
29.65,5.175
29.675,5.175
29.7,5.175
29.725,5.175
29.75,5.175
29.775,5.175
29.8,5.175
29.825,5.175
29.85,5.175
29.875,5.175
29.9,5.15
29.925,5.175
29.95,5.175
29.975,5.175
30,5.15
30.025,5.15
30.05,5.15
30.075,5.15
30.1,5.175
30.125,5.175
30.15,5.175
30.175,5.175
30.2,5.15
30.225,5.15
30.25,5.175
30.275,5.175
30.3,5.15
30.325,5.15
30.35,5.15
30.375,5.15
30.4,5.15
30.425,5.15
30.45,5.15
30.475,5.15
30.5,5.15
30.525,5.15
30.55,5.15
30.575,5.15
30.6,5.15
30.625,5.15
30.65,5.15
30.675,5.15
30.7,5.15
30.725,5.15
30.75,5.15
30.775,5.15
30.8,5.15
30.825,5.15
30.85,5.15
30.875,5.175
30.9,5.175
30.925,5.15
30.95,5.175
30.975,5.15
31,5.15
31.025,5.15
31.05,5.175
31.075,5.175
31.1,5.175
31.125,5.175
31.15,5.175
31.175,5.175
31.2,5.175
31.225,5.175
31.25,5.175
31.275,5.175
31.3,5.175
31.325,5.175
31.35,5.175
31.375,5.175
31.4,5.175
31.425,5.175
31.45,5.175
31.475,5.175
31.5,5.175
31.525,5.175
31.55,5.175
31.575,5.175
31.6,5.175
31.625,5.175
31.65,5.175
31.675,5.175
31.7,5.175
31.725,5.175
31.75,5.175
31.775,5.175
31.8,5.2
31.825,5.2
31.85,5.2
31.875,5.2
31.9,5.2
31.925,5.2
31.95,5.2
31.975,5.2
32,5.2
32.025,5.2
32.05,5.2
32.075,5.2
32.1,5.2
32.125,5.2
32.15,5.2
32.175,5.2
32.2,5.2
32.225,5.2
32.25,5.2
32.275,5.2
32.3,5.2
32.325,5.225
32.35,5.2
32.375,5.225
32.4,5.225
32.425,5.225
32.45,5.225
32.475,5.225
32.5,5.225
32.525,5.225
32.55,5.225
32.575,5.225
32.6,5.225
32.625,5.225
32.65,5.225
32.675,5.225
32.7,5.225
32.725,5.225
32.75,5.225
32.775,5.225
32.8,5.25
32.825,5.25
32.85,5.25
32.875,5.25
32.9,5.25
32.925,5.25
32.95,5.25
32.975,5.25
33,5.25
33.025,5.25
33.05,5.25
33.075,5.25
33.1,5.25
33.125,5.25
33.15,5.25
33.175,5.25
33.2,5.25
33.225,5.25
33.25,5.275
33.275,5.275
33.3,5.275
33.325,5.275
33.35,5.275
33.375,5.275
33.4,5.275
33.425,5.275
33.45,5.275
33.475,5.275
33.5,5.275
33.525,5.275
33.55,5.275
33.575,5.275
33.6,5.3
33.625,5.3
33.65,5.3
33.675,5.3
33.7,5.3
33.725,5.3
33.75,5.3
33.775,5.3
33.8,5.3
33.825,5.3
33.85,5.3
33.875,5.3
33.9,5.3
33.925,5.3
33.95,5.325
33.975,5.325
34,5.325
34.025,5.325
34.05,5.325
34.075,5.325
34.1,5.325
34.125,5.325
34.15,5.325
34.175,5.325
34.2,5.325
34.225,5.35
34.25,5.35
34.275,5.35
34.3,5.35
34.325,5.35
34.35,5.35
34.375,5.35
34.4,5.35
34.425,5.35
34.45,5.35
34.475,5.35
34.5,5.35
34.525,5.35
34.55,5.375
34.575,5.375
34.6,5.375
34.625,5.375
34.65,5.375
34.675,5.375
34.7,5.375
34.725,5.375
34.75,5.375
34.775,5.375
34.8,5.375
34.825,5.375
34.85,5.375
34.875,5.375
34.9,5.4
34.925,5.4
34.95,5.4
34.975,5.4
35,5.4
35.025,5.4
35.05,5.4
35.075,5.4
35.1,5.4
35.125,5.4
35.15,5.4
35.175,5.425
35.2,5.425
35.225,5.425
35.25,5.425
35.275,5.425
35.3,5.425
35.325,5.425
35.35,5.425
35.375,5.425
35.4,5.425
35.425,5.425
35.45,5.425
35.475,5.45
35.5,5.45
35.525,5.45
35.55,5.45
35.575,5.45
35.6,5.45
35.625,5.45
35.65,5.45
35.675,5.45
35.7,5.45
35.725,5.45
35.75,5.45
35.775,5.475
35.8,5.475
35.825,5.475
35.85,5.475
35.875,5.475
35.9,5.475
35.925,5.475
35.95,5.475
35.975,5.475
36,5.475
36.025,5.5
36.05,5.5
36.075,5.5
36.1,5.5
36.125,5.5
36.15,5.5
36.175,5.5
36.2,5.5
36.225,5.5
36.25,5.5
36.275,5.525
36.3,5.525
36.325,5.525
36.35,5.525
36.375,5.525
36.4,5.525
36.425,5.525
36.45,5.525
36.475,5.525
36.5,5.55
36.525,5.55
36.55,5.55
36.575,5.55
36.6,5.55
36.625,5.55
36.65,5.575
36.675,5.575
36.7,5.575
36.725,5.575
36.75,5.575
36.775,5.575
36.8,5.575
36.825,5.575
36.85,5.575
36.875,5.575
36.9,5.575
36.925,5.6
36.95,5.6
36.975,5.6
37,5.6
37.025,5.6
37.05,5.6
37.075,5.6
37.1,5.6
37.125,5.6
37.15,5.625
37.175,5.625
37.2,5.625
37.225,5.625
37.25,5.625
37.275,5.625
37.3,5.625
37.325,5.625
37.35,5.65
37.375,5.65
37.4,5.65
37.425,5.65
37.45,5.65
37.475,5.65
37.5,5.65
37.525,5.675
37.55,5.675
37.575,5.675
37.6,5.675
37.625,5.675
37.65,5.675
37.675,5.675
37.7,5.7
37.725,5.7
37.75,5.7
37.775,5.7
37.8,5.7
37.825,5.7
37.85,5.7
37.875,5.7
37.9,5.725
37.925,5.725
37.95,5.725
37.975,5.725
38,5.725
38.025,5.725
38.05,5.75
38.075,5.75
38.1,5.75
38.125,5.75
38.15,5.75
38.175,5.75
38.2,5.75
38.225,5.775
38.25,5.775
38.275,5.775
38.3,5.775
38.325,5.775
38.35,5.775
38.375,5.8
38.4,5.8
38.425,5.8
38.45,5.8
38.475,5.8
38.5,5.8
38.525,5.825
38.55,5.825
38.575,5.825
38.6,5.825
38.625,5.825
38.65,5.825
38.675,5.85
38.7,5.85
38.725,5.85
38.75,5.85
38.775,5.85
38.8,5.85
38.825,5.875
38.85,5.875
38.875,5.875
38.9,5.875
38.925,5.875
38.95,5.9
38.975,5.9
39,5.9
39.025,5.9
39.05,5.925
39.075,5.925
39.1,5.925
39.125,5.925
39.15,5.925
39.175,5.95
39.2,5.95
39.225,5.95
39.25,5.95
39.275,5.975
39.3,5.975
39.325,5.975
39.35,5.975
39.375,6
39.4,6
39.425,6
39.45,6
39.475,6
39.5,6.025
39.525,6.025
39.55,6.025
39.575,6.025
39.6,6.05
39.625,6.05
39.65,6.05
39.675,6.075
39.7,6.075
39.725,6.075
39.75,6.075
39.775,6.1
39.8,6.1
39.825,6.1
39.85,6.1
39.875,6.125
39.9,6.125
39.925,6.125
39.95,6.15
39.975,6.15
40,6.15
40.025,6.175
40.05,6.175
40.075,6.175
40.1,6.175
40.125,6.2
40.15,6.2
40.175,6.225
40.2,6.225
40.225,6.225
40.25,6.225
40.275,6.25
40.3,6.25
40.325,6.25
40.35,6.275
40.375,6.275
40.4,6.275
40.425,6.3
40.45,6.3
40.475,6.3
40.5,6.325
40.525,6.325
40.55,6.325
40.575,6.35
40.6,6.35
40.625,6.35
40.65,6.375
40.675,6.375
40.7,6.4
40.725,6.4
40.75,6.4
40.775,6.425
40.8,6.425
40.825,6.45
40.85,6.45
40.875,6.45
40.9,6.475
40.925,6.475
40.95,6.475
40.975,6.5
41,6.5
41.025,6.5
41.05,6.525
41.075,6.525
41.1,6.55
41.125,6.55
41.15,6.55
41.175,6.575
41.2,6.575
41.225,6.6
41.25,6.6
41.275,6.625
41.3,6.625
41.325,6.625
41.35,6.65
41.375,6.65
41.4,6.675
41.425,6.675
41.45,6.7
41.475,6.7
41.5,6.7
41.525,6.725
41.55,6.725
41.575,6.75
41.6,6.75
41.625,6.775
41.65,6.775
41.675,6.8
41.7,6.8
41.725,6.825
41.75,6.825
41.775,6.85
41.8,6.85
41.825,6.875
41.85,6.875
41.875,6.875
41.9,6.9
41.925,6.9
41.95,6.925
41.975,6.925
42,6.95
42.025,6.95
42.05,6.975
42.075,6.975
42.1,7
42.125,7.025
42.15,7.025
42.175,7.05
42.2,7.05
42.225,7.075
42.25,7.075
42.275,7.1
42.3,7.1
42.325,7.125
42.35,7.125
42.375,7.15
42.4,7.175
42.425,7.175
42.45,7.2
42.475,7.2
42.5,7.225
42.525,7.225
42.55,7.25
42.575,7.25
42.6,7.275
42.625,7.275
42.65,7.3
42.675,7.325
42.7,7.325
42.725,7.35
42.75,7.375
42.775,7.375
42.8,7.4
42.825,7.4
42.85,7.425
42.875,7.45
42.9,7.45
42.925,7.475
42.95,7.5
42.975,7.5
43,7.525
43.025,7.55
43.05,7.55
43.075,7.575
43.1,7.575
43.125,7.6
43.15,7.625
43.175,7.625
43.2,7.65
43.225,7.675
43.25,7.675
43.275,7.7
43.3,7.725
43.325,7.725
43.35,7.75
43.375,7.775
43.4,7.775
43.425,7.8
43.45,7.825
43.475,7.85
43.5,7.85
43.525,7.875
43.55,7.9
43.575,7.925
43.6,7.925
43.625,7.95
43.65,7.975
43.675,8
43.7,8
43.725,8.025
43.75,8.05
43.775,8.05
43.8,8.075
43.825,8.1
43.85,8.125
43.875,8.15
43.9,8.175
43.925,8.175
43.95,8.2
43.975,8.225
44,8.225
44.025,8.25
44.05,8.275
44.075,8.3
44.1,8.325
44.125,8.325
44.15,8.35
44.175,8.375
44.2,8.4
44.225,8.425
44.25,8.45
44.275,8.475
44.3,8.475
44.325,8.5
44.35,8.525
44.375,8.55
44.4,8.575
44.425,8.6
44.45,8.625
44.475,8.65
44.5,8.65
44.525,8.675
44.55,8.7
44.575,8.725
44.6,8.75
44.625,8.775
44.65,8.8
44.675,8.825
44.7,8.85
44.725,8.875
44.75,8.9
44.775,8.925
44.8,8.95
44.825,8.975
44.85,8.975
44.875,9
44.875,9.025
44.9,9.05
44.925,9.075
44.95,9.1
44.975,9.1
45,9.125
45.025,9.15
45.05,9.175
45.05,9.2
45.075,9.225
45.1,9.25
45.125,9.275
45.15,9.3
45.175,9.325
45.2,9.35
45.225,9.375
45.25,9.4
45.275,9.425
45.3,9.45
45.325,9.475
45.35,9.5
45.35,9.525
45.375,9.55
45.4,9.575
45.425,9.6
45.45,9.625
45.475,9.65
45.5,9.675
45.525,9.7
45.55,9.725
45.55,9.75
45.575,9.775
45.6,9.8
45.625,9.825
45.65,9.85
45.65,9.875
45.675,9.9
45.7,9.925
45.725,9.95
45.75,9.975
45.75,10
45.775,10.025
45.8,10.05
45.825,10.075
45.85,10.1
45.875,10.125
45.9,10.15
45.9,10.175
45.925,10.2
45.95,10.225
45.95,10.25
45.975,10.275
46,10.3
46.025,10.325
46.025,10.35
46.05,10.375
46.075,10.4
46.075,10.425
46.1,10.45
46.125,10.475
46.15,10.5
46.175,10.525
46.175,10.55
46.2,10.575
46.225,10.6
46.225,10.625
46.25,10.65
46.275,10.675
46.275,10.7
46.3,10.725
46.325,10.75
46.325,10.775
46.35,10.8
46.35,10.825
46.375,10.85
46.4,10.875
46.425,10.9
46.425,10.925
46.45,10.95
46.45,10.975
46.475,11
46.5,11.025
46.5,11.05
46.525,11.075
46.55,11.1
46.55,11.125
46.575,11.15
46.6,11.175
46.6,11.2
46.625,11.225
46.625,11.25
46.65,11.275
46.65,11.3
46.675,11.325
46.7,11.35
46.7,11.375
46.725,11.4
46.75,11.425
46.75,11.45
46.775,11.475
46.775,11.5
46.8,11.525
46.8,11.55
46.825,11.575
46.825,11.6
46.85,11.625
46.875,11.65
46.875,11.675
46.9,11.7
46.9,11.725
46.925,11.75
46.925,11.775
46.95,11.8
46.95,11.825
46.975,11.85
46.975,11.875
47,11.9
47,11.925
47.025,11.95
47.025,11.975
47.05,12
47.05,12.025
47.075,12.05
47.075,12.075
47.1,12.1
47.1,12.125
47.125,12.15
47.15,12.175
47.15,12.2
47.15,12.225
47.175,12.25
47.175,12.275
47.2,12.3
47.2,12.325
47.225,12.35
47.225,12.375
47.25,12.4
47.25,12.425
47.275,12.45
47.275,12.475
47.275,12.5
47.3,12.525
47.3,12.55
47.325,12.575
47.325,12.6
47.35,12.625
47.35,12.65
47.35,12.675
47.375,12.7
47.375,12.725
47.4,12.75
47.4,12.775
47.4,12.8
47.425,12.825
47.425,12.85
47.45,12.875
47.45,12.9
47.475,12.925
47.475,12.95
47.475,12.975
47.5,13
47.5,13.025
47.5,13.05
47.525,13.075
47.525,13.1
47.55,13.125
47.55,13.15
47.55,13.175
47.575,13.2
47.575,13.225
47.575,13.25
47.6,13.275
47.6,13.3
47.625,13.325
47.625,13.35
47.625,13.375
47.65,13.4
47.65,13.425
47.65,13.45
47.675,13.475
47.675,13.5
47.675,13.525
47.7,13.55
47.7,13.575
47.7,13.6
47.725,13.625
47.725,13.65
47.725,13.675
47.75,13.7
47.75,13.725
47.75,13.75
47.775,13.775
47.775,13.8
47.775,13.825
47.8,13.85
47.8,13.875
47.8,13.9
47.8,13.925
47.825,13.95
47.825,13.975
47.825,14
47.85,14.025
47.85,14.05
47.85,14.075
47.85,14.1
47.875,14.125
47.875,14.15
47.875,14.175
47.9,14.2
47.9,14.225
47.9,14.25
47.9,14.275
47.925,14.3
47.925,14.325
47.925,14.35
47.925,14.375
47.95,14.4
47.95,14.425
47.95,14.45
47.95,14.475
47.975,14.5
47.975,14.525
47.975,14.55
47.975,14.575
47.975,14.6
48,14.625
48,14.65
48,14.675
48,14.7
48.025,14.725
48.025,14.75
48.025,14.775
48.025,14.8
48.025,14.825
48.05,14.85
48.05,14.875
48.05,14.9
48.05,14.925
48.075,14.95
48.075,14.975
48.075,15
48.075,15.025
48.075,15.05
48.075,15.075
48.1,15.1
48.1,15.125
48.1,15.15
48.1,15.175
48.125,15.2
48.125,15.225
48.125,15.25
48.125,15.275
48.125,15.3
48.15,15.325
48.15,15.35
48.15,15.375
48.15,15.4
48.15,15.425
48.175,15.45
48.175,15.475
48.175,15.5
48.175,15.525
48.175,15.55
48.175,15.575
48.2,15.6
48.2,15.625
48.2,15.65
48.2,15.675
48.2,15.7
48.225,15.725
48.225,15.75
48.225,15.775
48.225,15.8
48.225,15.825
48.25,15.85
48.25,15.875
48.25,15.9
48.25,15.925
48.25,15.95
48.25,15.975
48.275,16
48.275,16.025
48.275,16.05
48.275,16.075
48.275,16.1
48.3,16.125
48.3,16.15
48.3,16.175
48.3,16.2
48.3,16.225
48.3,16.25
48.325,16.275
48.325,16.3
48.325,16.325
48.325,16.35
48.325,16.375
48.325,16.4
48.35,16.425
48.35,16.45
48.35,16.475
48.35,16.5
48.35,16.525
48.35,16.55
48.375,16.575
48.375,16.6
48.375,16.625
48.375,16.65
48.375,16.675
48.375,16.7
48.4,16.725
48.4,16.75
48.4,16.775
48.4,16.8
48.4,16.825
48.4,16.85
48.425,16.875
48.425,16.9
48.425,16.925
48.425,16.95
48.425,16.975
48.425,17
48.45,17.025
48.45,17.05
48.45,17.075
48.45,17.1
48.45,17.125
48.45,17.15
48.475,17.175
48.475,17.2
48.475,17.225
48.475,17.25
48.475,17.275
48.475,17.3
48.5,17.325
48.5,17.35
48.5,17.375
48.5,17.4
48.5,17.425
48.5,17.45
48.5,17.475
48.5,17.5
48.525,17.525
48.525,17.55
48.525,17.575
48.525,17.6
48.525,17.625
48.55,17.65
48.55,17.675
48.55,17.7
48.55,17.725
48.55,17.75
48.55,17.775
48.55,17.8
48.575,17.825
48.575,17.85
48.575,17.875
48.575,17.9
48.575,17.925
48.575,17.95
48.575,17.975
48.6,18
48.6,18.025
48.6,18.05
48.6,18.075
48.6,18.1
48.6,18.125
48.6,18.15
48.6,18.175
48.625,18.2
48.625,18.225
48.625,18.25
48.625,18.275
48.625,18.3
48.625,18.325
48.625,18.35
48.65,18.375
48.65,18.4
48.65,18.425
48.65,18.45
48.65,18.475
48.65,18.5
48.65,18.525
48.65,18.55
48.675,18.575
48.675,18.6
48.675,18.625
48.675,18.65
48.675,18.675
48.675,18.7
48.675,18.725
48.675,18.75
48.675,18.775
48.675,18.8
48.7,18.825
48.7,18.85
48.7,18.875
48.7,18.9
48.7,18.925
48.7,18.95
48.7,18.975
48.7,19
48.7,19.025
48.725,19.05
48.725,19.075
48.725,19.1
48.725,19.125
48.725,19.15
48.725,19.175
48.725,19.2
48.725,19.225
48.725,19.25
48.75,19.275
48.75,19.3
48.75,19.325
48.75,19.35
48.75,19.375
48.75,19.4
48.75,19.425
48.75,19.45
48.75,19.475
48.75,19.5
48.775,19.525
48.775,19.55
48.775,19.575
48.775,19.6
48.775,19.625
48.775,19.65
48.775,19.675
48.775,19.7
48.775,19.725
48.775,19.75
48.8,19.775
48.8,19.8
48.8,19.825
48.8,19.85
48.8,19.875
48.8,19.9
48.8,19.925
48.8,19.95
48.8,19.975
48.8,20
48.825,20.025
48.825,20.05
48.825,20.075
48.825,20.1
48.825,20.125
48.825,20.15
48.825,20.175
48.825,20.2
48.825,20.225
48.825,20.25
48.825,20.275
48.85,20.3
48.85,20.325
48.85,20.35
48.85,20.375
48.85,20.4
48.85,20.425
48.85,20.45
48.85,20.475
48.85,20.5
48.85,20.525
48.85,20.55
48.85,20.575
48.875,20.6
48.875,20.625
48.875,20.65
48.875,20.675
48.875,20.7
48.875,20.725
48.875,20.75
48.875,20.775
48.875,20.8
48.875,20.825
48.875,20.85
48.875,20.875
48.9,20.9
48.9,20.925
48.9,20.95
48.9,20.975
48.9,21
48.9,21.025
48.9,21.05
48.9,21.075
48.9,21.1
48.9,21.125
48.9,21.15
48.925,21.175
48.925,21.2
48.925,21.225
48.925,21.25
48.925,21.275
48.925,21.3
48.925,21.325
48.925,21.35
48.925,21.375
48.925,21.4
48.925,21.425
48.95,21.45
48.95,21.475
48.95,21.5
48.95,21.525
48.95,21.55
48.95,21.575
48.95,21.6
48.95,21.625
48.95,21.65
48.95,21.675
48.95,21.7
48.95,21.725
48.95,21.75
48.975,21.775
48.975,21.8
48.975,21.825
48.975,21.85
48.975,21.875
48.975,21.9
48.975,21.925
48.975,21.95
48.975,21.975
48.975,22
48.975,22.025
48.975,22.05
48.975,22.075
49,22.1
49,22.125
49,22.15
49,22.175
49,22.2
49,22.225
49,22.25
49,22.275
49,22.3
49,22.325
49,22.35
49,22.375
49.025,22.4
49.025,22.425
49.025,22.45
49.025,22.475
49.025,22.5
49.025,22.525
49.025,22.55
49.025,22.575
49.025,22.6
49.025,22.625
49.025,22.65
49.025,22.675
49.025,22.7
49.025,22.725
49.05,22.75
49.05,22.775
49.05,22.8
49.05,22.825
49.05,22.85
49.05,22.875
49.05,22.9
49.05,22.925
49.05,22.95
49.05,22.975
49.05,23
49.05,23.025
49.05,23.05
49.075,23.075
49.075,23.1
49.075,23.125
49.075,23.15
49.075,23.175
49.075,23.2
49.075,23.225
49.075,23.25
49.075,23.275
49.075,23.3
49.075,23.325
49.075,23.35
49.075,23.375
49.1,23.4
49.1,23.425
49.1,23.45
49.1,23.475
49.1,23.5
49.1,23.525
49.1,23.55
49.1,23.575
49.1,23.6
49.1,23.625
49.1,23.65
49.1,23.675
49.1,23.7
49.1,23.725
49.1,23.75
49.1,23.775
49.1,23.8
49.1,23.825
49.1,23.85
49.1,23.875
49.125,23.9
49.1,23.925
49.125,23.95
49.125,23.975
49.125,24
49.125,24.025
49.125,24.05
49.125,24.075
49.125,24.1
49.125,24.125
49.125,24.15
49.125,24.175
49.125,24.2
49.125,24.225
49.125,24.25
49.125,24.275
49.125,24.3
49.125,24.325
49.125,24.35
49.125,24.375
49.125,24.4
49.125,24.425
49.125,24.45
49.125,24.475
49.125,24.5
49.125,24.525
49.125,24.55
49.125,24.575
49.125,24.6
49.125,24.625
49.125,24.65
49.15,24.675
49.15,24.7
49.15,24.725
49.15,24.75
49.15,24.775
49.15,24.8
49.15,24.825
49.125,24.85
49.125,24.875
49.15,24.9
49.125,24.925
49.15,24.95
49.125,24.975
49.125,25
49.125,25.025
49.125,25.05
49.125,25.075
49.125,25.1
49.15,25.125
49.15,25.15
49.15,25.175
49.15,25.2
49.15,25.225
49.125,25.25
49.125,25.275
49.125,25.3
49.125,25.325
49.15,25.35
49.125,25.375
49.125,25.4
49.125,25.425
49.125,25.45
49.125,25.475
49.125,25.5
49.125,25.525
49.125,25.55
49.125,25.575
49.125,25.6
49.125,25.625
49.125,25.65
49.125,25.675
49.125,25.7
49.125,25.725
49.125,25.75
49.125,25.775
49.125,25.8
49.125,25.825
49.125,25.85
49.125,25.875
49.125,25.9
49.125,25.925
49.125,25.95
49.125,25.975
49.125,26
49.125,26.025
49.125,26.05
49.125,26.075
49.125,26.1
49.125,26.125
49.125,26.15
49.125,26.175
49.125,26.2
49.125,26.225
49.125,26.25
49.125,26.275
49.125,26.3
49.125,26.325
49.125,26.35
49.125,26.375
49.125,26.4
49.125,26.425
49.125,26.45
49.125,26.475
49.125,26.5
49.125,26.525
49.125,26.55
49.125,26.575
49.125,26.6
49.125,26.625
49.125,26.65
49.125,26.675
49.125,26.7
49.125,26.725
49.125,26.75
49.125,26.775
49.125,26.8
49.125,26.825
49.125,26.85
49.125,26.875
49.125,26.9
49.125,26.925
49.125,26.95
49.125,26.975
49.125,27
49.125,27.025
49.1,27.05
49.1,27.075
49.1,27.1
49.1,27.125
49.1,27.15
49.1,27.175
49.1,27.2
49.1,27.225
49.1,27.25
49.1,27.275
49.1,27.3
49.1,27.325
49.1,27.35
49.1,27.375
49.1,27.4
49.1,27.425
49.1,27.45
49.1,27.475
49.1,27.5
49.1,27.525
49.075,27.55
49.075,27.575
49.075,27.6
49.075,27.625
49.075,27.65
49.075,27.675
49.075,27.7
49.075,27.725
49.075,27.75
49.075,27.775
49.075,27.8
49.075,27.825
49.075,27.85
49.075,27.875
49.05,27.9
49.05,27.925
49.05,27.95
49.05,27.975
49.05,28
49.05,28.025
49.05,28.05
49.025,28.075
49.025,28.1
49.025,28.125
49.025,28.15
49.025,28.175
49.025,28.2
49.025,28.225
49.025,28.25
49.025,28.275
49.025,28.3
49,28.325
49,28.35
49,28.375
49,28.4
49,28.425
49,28.45
49,28.475
49,28.5
49,28.525
48.975,28.55
48.975,28.575
48.975,28.6
48.975,28.625
48.975,28.65
48.975,28.675
48.975,28.7
48.95,28.725
48.95,28.75
48.95,28.775
48.95,28.8
48.95,28.825
48.95,28.85
48.95,28.875
48.95,28.9
48.925,28.925
48.925,28.95
48.925,28.975
48.925,29
48.925,29.025
48.9,29.05
48.9,29.075
48.9,29.1
48.9,29.125
48.9,29.15
48.9,29.175
48.875,29.2
48.875,29.225
48.875,29.25
48.875,29.275
48.875,29.3
48.85,29.325
48.85,29.35
48.85,29.375
48.85,29.4
48.85,29.425
48.85,29.45
48.825,29.475
48.825,29.5
48.825,29.525
48.825,29.55
48.825,29.575
48.8,29.6
48.8,29.625
48.8,29.65
48.8,29.675
48.8,29.7
48.775,29.725
48.775,29.75
48.775,29.775
48.775,29.8
48.775,29.825
48.75,29.85
48.75,29.875
48.75,29.9
48.75,29.925
48.725,29.95
48.725,29.975
48.725,30
48.7,30.025
48.7,30.05
48.7,30.075
48.7,30.1
48.7,30.125
48.675,30.15
48.675,30.175
48.675,30.2
48.675,30.225
48.675,30.25
48.65,30.275
48.65,30.3
48.65,30.325
48.625,30.35
48.625,30.375
48.625,30.4
48.625,30.425
48.6,30.45
48.6,30.475
48.6,30.5
48.6,30.525
48.575,30.55
48.575,30.575
48.575,30.6
48.55,30.625
48.55,30.65
48.55,30.675
48.55,30.7
48.525,30.725
48.525,30.75
48.525,30.775
48.5,30.8
48.5,30.825
48.5,30.85
48.475,30.875
48.475,30.9
48.475,30.925
48.475,30.95
48.45,30.975
48.45,31
48.45,31.025
48.425,31.05
48.425,31.075
48.425,31.1
48.4,31.125
48.4,31.15
48.4,31.175
48.375,31.2
48.375,31.225
48.375,31.25
48.35,31.275
48.35,31.3
48.35,31.325
48.325,31.35
48.325,31.375
48.325,31.4
48.3,31.425
48.3,31.45
48.3,31.475
48.275,31.5
48.275,31.525
48.275,31.55
48.25,31.575
48.25,31.6
48.25,31.625
48.225,31.65
48.225,31.675
48.225,31.7
48.225,31.725
48.2,31.75
48.2,31.775
48.175,31.8
48.175,31.825
48.15,31.85
48.15,31.875
48.15,31.9
48.125,31.925
48.125,31.95
48.125,31.975
48.1,32
48.1,32.025
48.075,32.05
48.075,32.075
48.075,32.1
48.05,32.125
48.05,32.15
48.025,32.175
48.025,32.2
48.025,32.225
48,32.25
48,32.275
47.975,32.3
47.975,32.325
47.975,32.35
47.95,32.375
47.95,32.4
47.925,32.425
47.925,32.45
47.925,32.475
47.9,32.5
47.9,32.525
47.875,32.55
47.85,32.575
47.85,32.6
47.85,32.625
47.825,32.65
47.825,32.675
47.8,32.7
47.8,32.725
47.775,32.75
47.775,32.775
47.775,32.8
47.75,32.825
47.75,32.85
47.725,32.875
47.725,32.9
47.7,32.925
47.7,32.95
47.675,32.975
47.675,33
47.65,33.025
47.65,33.05
47.625,33.075
47.625,33.1
47.6,33.125
47.6,33.15
47.575,33.175
47.575,33.2
47.55,33.225
47.55,33.25
47.525,33.275
47.525,33.3
47.5,33.325
47.5,33.35
47.475,33.375
47.475,33.4
47.45,33.425
47.45,33.45
47.425,33.475
47.425,33.5
47.4,33.525
47.375,33.55
47.375,33.575
47.35,33.6
47.35,33.625
47.325,33.65
47.325,33.675
47.3,33.7
47.3,33.725
47.275,33.75
47.25,33.775
47.25,33.8
47.225,33.825
47.225,33.85
47.2,33.875
47.2,33.9
47.175,33.925
47.15,33.95
47.15,33.975
47.125,34
47.125,34.025
47.1,34.05
47.1,34.075
47.075,34.1
47.05,34.125
47.05,34.15
47.025,34.175
47.025,34.2
47,34.225
46.975,34.25
46.975,34.275
46.95,34.3
46.925,34.325
46.925,34.35
46.9,34.375
46.9,34.4
46.875,34.425
46.85,34.45
46.85,34.475
46.825,34.5
46.825,34.525
46.8,34.55
46.775,34.575
46.75,34.6
46.75,34.625
46.725,34.65
46.725,34.675
46.7,34.7
46.675,34.725
46.675,34.75
46.65,34.775
46.625,34.8
46.625,34.825
46.6,34.85
46.575,34.875
46.575,34.9
46.55,34.925
46.525,34.95
46.525,34.975
46.5,35
46.475,35.025
46.45,35.05
46.45,35.075
46.425,35.1
46.4,35.125
46.4,35.15
46.375,35.175
46.35,35.2
46.35,35.225
46.325,35.25
46.3,35.275
46.275,35.3
46.275,35.325
46.25,35.35
46.225,35.375
46.2,35.4
46.225,35.425
46.2,35.425
46.175,35.45
46.175,35.475
46.15,35.5
46.125,35.525
46.125,35.55
46.1,35.575
46.075,35.6
46.075,35.625
46.05,35.625
46.025,35.65
46.025,35.675
46,35.675
45.975,35.7
45.975,35.725
45.975,35.75
45.95,35.775
45.925,35.8
45.9,35.825
45.9,35.85
45.875,35.875
45.85,35.9
45.825,35.925
45.8,35.95
45.775,35.975
45.75,36
45.725,36.025
45.725,36.05
45.7,36.075
45.675,36.1
45.675,36.125
45.65,36.15
45.625,36.175
45.6,36.2
45.575,36.225
45.55,36.25
45.525,36.275
45.525,36.3
45.5,36.325
45.475,36.35
45.45,36.375
45.425,36.4
45.425,36.425
45.4,36.45
45.375,36.475
45.35,36.5
45.325,36.525
45.3,36.55
45.275,36.575
45.275,36.6
45.25,36.575
45.225,36.6
45.2,36.625
45.225,36.65
45.2,36.675
45.175,36.7
45.15,36.725
45.125,36.75
45.1,36.775
45.075,36.75
45.05,36.775
45.025,36.8
45,36.825
44.975,36.85
44.975,36.875
44.975,36.9
44.975,36.925
44.95,36.95
44.925,36.95
44.9,36.95
44.875,36.975
44.9,37
44.875,37.025
44.85,37.025
44.825,37.025
44.8,37.05
44.775,37.075
44.8,37.1
44.775,37.125
44.75,37.15
44.725,37.15
44.7,37.15
44.675,37.175
44.7,37.2
44.675,37.225
44.675,37.25
44.65,37.25
44.625,37.25
44.6,37.25
44.575,37.275
44.575,37.3
44.575,37.325
44.55,37.35
44.55,37.375
44.525,37.4
44.5,37.425
44.475,37.425
44.45,37.425
44.425,37.45
44.4,37.475
44.4,37.5
44.4,37.525
44.375,37.525
44.35,37.55
44.325,37.55
44.3,37.575
44.325,37.6
44.3,37.6
44.275,37.6
44.25,37.625
44.225,37.65
44.2,37.65
44.175,37.675
44.175,37.7
44.175,37.725
44.15,37.75
44.125,37.75
44.1,37.775
44.075,37.775
44.05,37.8
44.025,37.825
44,37.85
43.975,37.875
43.95,37.9
43.925,37.925
43.9,37.95
43.875,37.975
43.85,38
43.825,38.025
43.8,38.05
43.775,38.075
43.75,38.1
43.725,38.125
43.7,38.15
43.675,38.175
43.675,38.2
43.65,38.2
43.625,38.225
43.625,38.25
43.6,38.25
43.575,38.25
43.55,38.275
43.525,38.3
43.5,38.325
43.525,38.35
43.5,38.375
43.475,38.4
43.45,38.375
43.425,38.4
43.4,38.425
43.375,38.425
43.35,38.45
43.35,38.475
43.325,38.475
43.3,38.5
43.275,38.525
43.3,38.55
43.275,38.575
43.25,38.55
43.225,38.575
43.2,38.6
43.175,38.625
43.15,38.625
43.125,38.65
43.125,38.675
43.125,38.7
43.1,38.725
43.075,38.75
43.05,38.775
43.025,38.8
43,38.825
42.975,38.8
42.95,38.825
42.925,38.85
42.925,38.875
42.9,38.9
42.875,38.925
42.85,38.95
42.825,38.975
42.8,39
42.775,39
42.75,39.025
42.725,39.05
42.7,39.075
42.675,39.1
42.65,39.125
42.625,39.15
42.6,39.15
42.575,39.175
42.55,39.2
42.525,39.225
42.5,39.25
42.475,39.25
42.45,39.275
42.425,39.3
42.4,39.325
42.375,39.35
42.35,39.375
42.325,39.375
42.3,39.4
42.275,39.425
42.25,39.45
42.225,39.475
42.2,39.475
42.175,39.5
42.15,39.525
42.125,39.55
42.1,39.575
42.075,39.575
42.05,39.6
42.025,39.625
42,39.625
41.975,39.65
41.95,39.675
41.925,39.7
41.9,39.725
41.875,39.725
41.85,39.75
41.825,39.775
41.8,39.8
41.775,39.8
41.75,39.825
41.725,39.85
41.7,39.85
41.675,39.875
41.65,39.9
41.625,39.925
41.6,39.95
41.575,39.95
41.55,39.975
41.525,40
41.5,40
41.475,40.025
41.45,40.05
41.425,40.075
41.4,40.075
41.375,40.1
41.35,40.125
41.325,40.125
41.3,40.15
41.275,40.175
41.25,40.2
41.225,40.2
41.2,40.225
41.175,40.25
41.15,40.25
41.125,40.275
41.1,40.3
41.075,40.3
41.05,40.325
41.025,40.35
41,40.35
40.975,40.375
40.95,40.4
40.925,40.4
40.9,40.425
40.875,40.45
40.85,40.45
40.825,40.475
40.8,40.475
40.775,40.475
40.75,40.5
40.75,40.525
40.725,40.55
40.7,40.55
40.675,40.575
40.65,40.575
40.625,40.6
40.6,40.625
40.575,40.625
40.55,40.65
40.525,40.65
40.5,40.675
40.475,40.7
40.45,40.725
40.425,40.725
40.4,40.75
40.375,40.75
40.35,40.775
40.325,40.8
40.3,40.825
40.275,40.825
40.25,40.85
40.225,40.85
40.2,40.875
40.175,40.9
40.15,40.9
40.125,40.925
40.1,40.95
40.075,40.95
40.05,40.975
40.025,41
40,41
39.975,41.025
39.95,41.025
39.925,41.05
39.9,41.05
39.875,41.075
39.85,41.1
39.825,41.1
39.8,41.125
39.775,41.125
39.75,41.15
39.725,41.175
39.7,41.175
39.675,41.2
39.65,41.2
39.625,41.225
39.6,41.225
39.575,41.25
39.55,41.25
39.525,41.275
39.5,41.3
39.475,41.3
39.45,41.325
39.425,41.35
39.4,41.35
39.375,41.375
39.35,41.4
39.325,41.4
39.3,41.4
39.275,41.425
39.25,41.425
39.225,41.45
39.2,41.45
39.175,41.475
39.15,41.5
39.125,41.525
39.1,41.525
39.075,41.525
39.05,41.55
39.025,41.55
39,41.575
38.975,41.575
38.95,41.6
38.925,41.625
38.9,41.625
38.875,41.65
38.85,41.65
38.825,41.675
38.8,41.675
38.775,41.7
38.75,41.7
38.725,41.725
38.7,41.725
38.675,41.75
38.65,41.75
38.625,41.775
38.6,41.8
38.575,41.8
38.55,41.8
38.525,41.825
38.5,41.825
38.475,41.85
38.45,41.85
38.425,41.875
38.4,41.9
38.375,41.9
38.35,41.925
38.325,41.925
38.3,41.95
38.275,41.95
38.25,41.975
38.225,42
38.2,42
38.175,42.025
38.15,42.025
38.125,42.05
38.1,42.05
38.075,42.075
38.05,42.1
38.025,42.1
38,42.1
37.975,42.125
37.95,42.125
37.925,42.15
37.9,42.15
37.875,42.175
37.85,42.175
37.825,42.2
37.8,42.2
37.775,42.225
37.75,42.225
37.725,42.25
37.7,42.275
37.675,42.275
37.65,42.275
37.625,42.3
37.6,42.3
37.575,42.325
37.55,42.325
37.525,42.35
37.5,42.35
37.475,42.375
37.45,42.375
37.425,42.4
37.4,42.4
37.375,42.425
37.35,42.425
37.325,42.45
37.3,42.45
37.275,42.45
37.25,42.475
37.225,42.475
37.2,42.5
37.175,42.5
37.15,42.525
37.125,42.525
37.1,42.55
37.075,42.55
37.05,42.55
37.025,42.575
37,42.575
36.975,42.6
36.95,42.6
36.925,42.6
36.9,42.625
36.875,42.625
36.85,42.65
36.825,42.65
36.8,42.675
36.775,42.675
36.75,42.675
36.725,42.7
36.7,42.7
36.675,42.725
36.65,42.725
36.625,42.725
36.6,42.75
36.575,42.75
36.55,42.775
36.525,42.775
36.5,42.8
36.475,42.8
36.45,42.8
36.425,42.825
36.4,42.825
36.375,42.825
36.35,42.85
36.325,42.85
36.3,42.875
36.275,42.875
36.25,42.875
36.225,42.9
36.2,42.9
36.175,42.9
36.15,42.925
36.125,42.925
36.1,42.95
36.075,42.95
36.05,42.95
36.025,42.975
36,42.975
35.975,43
35.95,43
35.925,43
35.9,43.025
35.875,43.025
35.85,43.025
35.825,43.05
35.8,43.05
35.775,43.075
35.75,43.075
35.725,43.075
35.7,43.1
35.675,43.1
35.65,43.1
35.625,43.125
35.6,43.125
35.575,43.125
35.55,43.15
35.525,43.15
35.5,43.15
35.475,43.175
35.45,43.175
35.425,43.175
35.4,43.2
35.375,43.2
35.35,43.2
35.325,43.225
35.3,43.225
35.275,43.225
35.25,43.25
35.225,43.25
35.2,43.25
35.175,43.275
35.15,43.275
35.125,43.275
35.1,43.3
35.075,43.3
35.05,43.3
35.025,43.325
35,43.325
34.975,43.325
34.95,43.325
34.925,43.35
34.9,43.35
34.875,43.35
34.85,43.375
34.825,43.375
34.8,43.375
34.775,43.4
34.75,43.4
34.725,43.4
34.7,43.4
34.675,43.425
34.65,43.425
34.625,43.425
34.6,43.45
34.575,43.45
34.55,43.45
34.525,43.45
34.5,43.475
34.475,43.475
34.45,43.475
34.425,43.5
34.4,43.5
34.375,43.5
34.35,43.525
34.325,43.525
34.3,43.525
34.275,43.525
34.25,43.55
34.225,43.55
34.2,43.55
34.175,43.55
34.15,43.575
34.125,43.575
34.1,43.575
34.075,43.6
34.05,43.6
34.025,43.6
34,43.6
33.975,43.625
33.95,43.625
33.925,43.625
33.9,43.625
33.875,43.65
33.85,43.65
33.825,43.65
33.8,43.675
33.775,43.675
33.75,43.675
33.725,43.675
33.7,43.7
33.675,43.7
33.65,43.7
33.625,43.7
33.6,43.725
33.575,43.725
33.55,43.725
33.525,43.725
33.5,43.75
33.475,43.75
33.45,43.75
33.425,43.75
33.4,43.775
33.375,43.775
33.35,43.775
33.325,43.775
33.3,43.775
33.275,43.8
33.25,43.8
33.225,43.8
33.2,43.8
33.175,43.825
33.15,43.825
33.125,43.825
33.1,43.825
33.075,43.85
33.05,43.85
33.025,43.85
33,43.85
32.975,43.85
32.95,43.875
32.925,43.875
32.9,43.875
32.875,43.875
32.85,43.9
32.825,43.9
32.8,43.9
32.775,43.9
32.75,43.9
32.725,43.925
32.7,43.925
32.675,43.925
32.65,43.925
32.625,43.925
32.6,43.95
32.575,43.95
32.55,43.95
32.525,43.95
32.5,43.95
32.475,43.975
32.45,43.975
32.425,43.975
32.4,43.975
32.375,44
32.35,44
32.325,44
32.3,44
32.275,44
32.25,44
32.225,44.025
32.2,44.025
32.175,44.025
32.15,44.025
32.125,44.05
32.1,44.05
32.075,44.05
32.05,44.05
32.025,44.05
32,44.05
31.975,44.075
31.95,44.075
31.925,44.075
31.9,44.075
31.875,44.075
31.85,44.1
31.825,44.1
31.8,44.1
31.775,44.1
31.75,44.1
31.725,44.1
31.7,44.125
31.675,44.125
31.65,44.125
31.625,44.125
31.6,44.125
31.575,44.125
31.55,44.15
31.525,44.15
31.5,44.15
31.475,44.15
31.45,44.15
31.425,44.15
31.4,44.175
31.375,44.175
31.35,44.175
31.325,44.175
31.3,44.175
31.275,44.2
31.25,44.2
31.225,44.2
31.2,44.2
31.175,44.2
31.15,44.2
31.125,44.2
31.1,44.2
31.075,44.2
31.05,44.225
31.025,44.225
31,44.225
30.975,44.225
30.95,44.225
30.925,44.225
30.9,44.25
30.875,44.25
30.85,44.25
30.825,44.25
30.8,44.25
30.775,44.25
30.75,44.25
30.725,44.275
30.7,44.275
30.675,44.275
30.65,44.275
30.625,44.275
30.6,44.275
30.575,44.275
30.55,44.3
30.525,44.3
30.5,44.3
30.475,44.3
30.45,44.3
30.425,44.3
30.4,44.3
30.375,44.325
30.35,44.325
30.325,44.325
30.3,44.325
30.275,44.325
30.25,44.325
30.225,44.325
30.2,44.325
30.175,44.325
30.15,44.35
30.125,44.35
30.1,44.35
30.075,44.35
30.05,44.35
30.025,44.35
30,44.35
29.975,44.35
29.95,44.35
29.925,44.375
29.9,44.375
29.875,44.375
29.85,44.375
29.825,44.375
29.8,44.375
29.775,44.375
29.75,44.375
29.725,44.375
29.7,44.375
29.675,44.4
29.65,44.4
29.625,44.4
29.6,44.4
29.575,44.4
29.55,44.4
29.525,44.4
29.5,44.4
29.475,44.4
29.45,44.4
29.425,44.4
29.4,44.4
29.375,44.425
29.35,44.425
29.325,44.425
29.3,44.425
29.275,44.425
29.25,44.425
29.225,44.425
29.2,44.425
29.175,44.425
29.15,44.425
29.125,44.425
29.1,44.425
29.075,44.425
29.05,44.425
29.025,44.425
29,44.425
28.975,44.45
28.95,44.45
28.925,44.45
28.9,44.45
28.875,44.45
28.85,44.45
28.825,44.45
28.8,44.45
28.775,44.45
28.75,44.45
28.725,44.45
28.7,44.45
28.675,44.45
28.65,44.45
28.625,44.45
28.6,44.45
28.575,44.45
28.55,44.45
28.525,44.45
28.5,44.45
28.475,44.45
28.45,44.45
28.425,44.45
28.4,44.45
28.375,44.45
28.35,44.45
28.325,44.45
28.3,44.45
28.275,44.45
28.25,44.45
28.225,44.45
28.2,44.45
28.175,44.45
28.15,44.45
28.125,44.45
28.1,44.45
28.075,44.45
28.05,44.45
28.025,44.45
28,44.45
27.975,44.45
27.95,44.45
27.925,44.45
27.9,44.45
27.875,44.45
27.85,44.45
27.825,44.45
27.8,44.45
27.775,44.45
27.75,44.45
27.725,44.45
27.7,44.45
27.675,44.45
27.65,44.45
27.625,44.45
27.6,44.45
27.575,44.45
27.55,44.45
27.525,44.45
27.5,44.45
27.475,44.45
27.45,44.45
27.425,44.45
27.4,44.45
27.375,44.45
27.35,44.45
27.325,44.45
27.3,44.45
27.275,44.45
27.25,44.45
27.225,44.45
27.2,44.45
27.175,44.45
27.15,44.45
27.125,44.45
27.1,44.45
27.075,44.45
27.05,44.45
27.025,44.45
27,44.45
26.975,44.45
26.95,44.45
26.925,44.425
26.9,44.425
26.875,44.425
26.85,44.45
26.825,44.425
26.8,44.425
26.775,44.425
26.75,44.425
26.725,44.425
26.7,44.425
26.675,44.425
26.65,44.425
26.625,44.425
26.6,44.425
26.575,44.425
26.55,44.425
26.525,44.4
26.5,44.4
26.475,44.4
26.45,44.4
26.425,44.4
26.4,44.4
26.375,44.4
26.35,44.4
26.325,44.4
26.3,44.4
26.275,44.4
26.25,44.4
26.225,44.4
26.2,44.4
26.175,44.4
26.15,44.375
26.125,44.375
26.1,44.375
26.075,44.375
26.05,44.375
26.025,44.375
26,44.375
25.975,44.375
25.95,44.375
25.925,44.375
25.9,44.375
25.875,44.35
25.85,44.35
25.825,44.35
25.8,44.35
25.775,44.35
25.75,44.35
25.725,44.35
25.7,44.35
25.675,44.35
25.65,44.35
25.625,44.35
25.6,44.35
25.575,44.325
25.55,44.325
25.525,44.325
25.5,44.325
25.475,44.325
25.45,44.325
25.425,44.325
25.4,44.3
25.375,44.3
25.35,44.3
25.325,44.3
25.3,44.3
25.275,44.3
25.25,44.3
25.225,44.3
25.2,44.3
25.175,44.275
25.15,44.275
25.125,44.275
25.1,44.275
25.075,44.275
25.05,44.275
25.025,44.275
25,44.275
24.975,44.275
24.95,44.275
24.925,44.25
24.9,44.25
24.875,44.25
24.85,44.25
24.825,44.25
24.8,44.25
24.775,44.25
24.75,44.25
24.725,44.225
24.7,44.225
24.675,44.225
24.65,44.225
24.625,44.225
24.6,44.225
24.575,44.225
24.55,44.2
24.525,44.2
24.5,44.2
24.475,44.2
24.45,44.2
24.425,44.2
24.4,44.2
24.375,44.175
24.35,44.175
24.325,44.175
24.3,44.175
24.275,44.175
24.25,44.175
24.225,44.15
24.2,44.15
24.175,44.15
24.15,44.15
24.125,44.15
24.1,44.15
24.075,44.125
24.05,44.125
24.025,44.125
24,44.125
23.975,44.125
23.95,44.125
23.925,44.1
23.9,44.1
23.875,44.1
23.85,44.1
23.825,44.1
23.8,44.1
23.775,44.075
23.75,44.075
23.725,44.075
23.7,44.075
23.675,44.075
23.65,44.075
23.625,44.05
23.6,44.05
23.575,44.05
23.55,44.05
23.525,44.05
23.5,44.025
23.475,44.025
23.45,44.025
23.425,44.025
23.4,44.025
23.375,44
23.35,44
23.325,44
23.3,44
23.275,44
23.25,43.975
23.225,43.975
23.2,43.975
23.175,43.975
23.15,43.975
23.125,43.95
23.1,43.95
23.075,43.95
23.05,43.95
23.025,43.95
23,43.925
22.975,43.925
22.95,43.925
22.925,43.925
22.9,43.925
22.875,43.9
22.85,43.9
22.825,43.9
22.8,43.9
22.775,43.875
22.75,43.875
22.725,43.875
22.7,43.875
22.675,43.85
22.65,43.85
22.625,43.85
22.6,43.85
22.575,43.825
22.55,43.825
22.525,43.825
22.5,43.825
22.475,43.825
22.45,43.8
22.425,43.8
22.4,43.8
22.375,43.8
22.35,43.775
22.325,43.775
22.3,43.775
22.275,43.775
22.25,43.75
22.225,43.75
22.2,43.75
22.175,43.75
22.15,43.725
22.125,43.725
22.1,43.725
22.075,43.725
22.05,43.7
22.025,43.7
22,43.7
21.975,43.7
21.95,43.675
21.925,43.675
21.9,43.675
21.875,43.675
21.85,43.65
21.825,43.65
21.8,43.65
21.775,43.65
21.75,43.625
21.725,43.625
21.7,43.625
21.675,43.625
21.65,43.6
21.625,43.6
21.6,43.6
21.575,43.575
21.55,43.575
21.525,43.575
21.5,43.575
21.475,43.55
21.45,43.55
21.425,43.55
21.4,43.525
21.375,43.525
21.35,43.525
21.325,43.525
21.3,43.5
21.275,43.5
21.25,43.5
21.225,43.5
21.2,43.475
21.175,43.475
21.15,43.475
21.125,43.45
21.1,43.45
21.075,43.45
21.05,43.425
21.025,43.425
21,43.425
20.975,43.425
20.95,43.4
20.925,43.4
20.9,43.4
20.875,43.375
20.85,43.375
20.825,43.375
20.8,43.35
20.775,43.35
20.75,43.35
20.725,43.325
20.7,43.325
20.675,43.325
20.65,43.3
20.625,43.3
20.6,43.3
20.575,43.275
20.55,43.275
20.525,43.275
20.5,43.25
20.475,43.25
20.45,43.25
20.425,43.225
20.4,43.225
20.375,43.225
20.35,43.2
20.325,43.2
20.3,43.2
20.275,43.175
20.25,43.175
20.225,43.175
20.2,43.15
20.175,43.15
20.15,43.15
20.125,43.125
20.1,43.125
20.075,43.1
20.05,43.1
20.025,43.1
20,43.075
19.975,43.075
19.95,43.075
19.925,43.05
19.9,43.05
19.875,43.05
19.85,43.025
19.825,43.025
19.8,43.025
19.775,43
19.75,43
19.725,42.975
19.7,42.975
19.675,42.975
19.65,42.95
19.625,42.95
19.6,42.95
19.575,42.925
19.55,42.925
19.525,42.9
19.5,42.9
19.475,42.9
19.45,42.875
19.425,42.875
19.4,42.85
19.375,42.85
19.35,42.85
19.325,42.825
19.3,42.825
19.275,42.8
19.25,42.8
19.225,42.8
19.2,42.775
19.175,42.775
19.15,42.75
19.125,42.75
19.1,42.75
19.075,42.725
19.05,42.725
19.025,42.7
19,42.7
18.975,42.7
18.95,42.675
18.925,42.675
18.9,42.65
18.875,42.65
18.85,42.625
18.825,42.625
18.8,42.625
18.775,42.6
18.75,42.6
18.725,42.575
18.7,42.575
18.675,42.55
18.65,42.55
18.625,42.55
18.6,42.525
18.575,42.525
18.55,42.5
18.525,42.5
18.5,42.475
18.475,42.475
18.45,42.475
18.425,42.45
18.4,42.45
18.375,42.425
18.35,42.425
18.325,42.4
18.3,42.4
18.275,42.375
18.25,42.375
18.225,42.35
18.2,42.35
18.175,42.35
18.15,42.325
18.125,42.325
18.1,42.3
18.075,42.3
18.05,42.275
18.025,42.275
18,42.25
17.975,42.25
17.95,42.225
17.925,42.225
17.9,42.2
17.875,42.2
17.85,42.175
17.825,42.175
17.8,42.15
17.775,42.15
17.75,42.15
17.725,42.125
17.7,42.1
17.675,42.1
17.65,42.1
17.625,42.075
17.6,42.075
17.575,42.05
17.55,42.05
17.525,42.025
17.5,42.025
17.475,42
17.45,42
17.425,41.975
17.4,41.975
17.375,41.95
17.35,41.95
17.325,41.925
17.3,41.925
17.275,41.9
17.25,41.875
17.225,41.875
17.2,41.875
17.175,41.85
17.15,41.85
17.125,41.825
17.1,41.825
17.075,41.8
17.05,41.775
17.025,41.775
17,41.75
16.975,41.75
16.95,41.725
16.925,41.725
16.9,41.7
16.875,41.7
16.85,41.675
16.825,41.675
16.8,41.65
16.775,41.65
16.75,41.625
16.725,41.6
16.7,41.6
16.675,41.575
16.65,41.575
16.625,41.55
16.6,41.55
16.575,41.525
16.55,41.525
16.525,41.5
16.5,41.475
16.475,41.475
16.45,41.45
16.425,41.45
16.4,41.425
16.375,41.4
16.35,41.4
16.325,41.375
16.3,41.375
16.275,41.35
16.25,41.35
16.225,41.325
16.2,41.325
16.175,41.3
16.15,41.275
16.125,41.275
16.1,41.25
16.075,41.25
16.05,41.225
16.025,41.2
16,41.2
15.975,41.175
15.95,41.175
15.925,41.15
15.9,41.125
15.875,41.125
15.85,41.1
15.825,41.075
15.8,41.075
15.775,41.05
15.75,41.05
15.725,41.025
15.7,41
15.675,41
15.65,40.975
15.625,40.975
15.6,40.95
15.575,40.925
15.55,40.925
15.525,40.9
15.5,40.875
15.475,40.875
15.45,40.85
15.425,40.825
15.4,40.825
15.375,40.8
15.35,40.775
15.325,40.775
15.3,40.75
15.275,40.725
15.25,40.725
15.225,40.7
15.2,40.675
15.175,40.675
15.15,40.65
15.125,40.625
15.1,40.625
15.075,40.6
15.05,40.6
15.025,40.575
15,40.55
14.975,40.55
14.95,40.525
14.925,40.5
14.9,40.5
14.875,40.475
14.85,40.45
14.825,40.45
14.8,40.425
14.775,40.4
14.75,40.375
14.725,40.375
14.7,40.35
14.675,40.35
14.65,40.325
14.625,40.3
14.6,40.275
14.575,40.275
14.55,40.25
14.525,40.225
14.5,40.225
14.475,40.2
14.45,40.175
14.425,40.175
14.4,40.15
14.375,40.125
14.35,40.1
14.325,40.1
14.3,40.075
14.275,40.05
14.25,40.025
14.225,40.025
14.2,40
14.175,39.975
14.15,39.975
14.125,39.95
14.1,39.925
14.075,39.9
14.05,39.9
14.025,39.875
14,39.85
13.975,39.825
13.95,39.825
13.925,39.8
13.9,39.775
13.875,39.75
13.85,39.75
13.825,39.725
13.8,39.7
13.775,39.675
13.75,39.675
13.725,39.65
13.7,39.625
13.675,39.6
13.65,39.6
13.625,39.575
13.6,39.55
13.575,39.525
13.55,39.5
13.525,39.5
13.5,39.475
13.475,39.45
13.45,39.425
13.425,39.425
13.4,39.4
13.375,39.375
13.35,39.35
13.325,39.325
13.3,39.325
13.275,39.3
13.25,39.275
13.225,39.25
13.2,39.225
13.175,39.2
13.15,39.2
13.125,39.175
13.1,39.15
13.075,39.125
13.05,39.1
13.025,39.1
13.025,39.075
13,39.05
12.975,39.05
12.95,39.025
12.925,39
12.9,38.975
12.875,38.95
12.85,38.95
12.825,38.925
12.8,38.9
12.775,38.875
12.75,38.85
12.725,38.825
12.7,38.8
12.675,38.8
12.65,38.775
12.625,38.75
12.6,38.725
12.575,38.7
12.55,38.675
12.525,38.65
12.5,38.625
12.475,38.6
12.45,38.6
12.425,38.575
12.4,38.55
12.375,38.525
12.35,38.5
12.325,38.475
12.3,38.45
12.275,38.425
12.25,38.425
12.225,38.4
12.2,38.375
12.175,38.35
12.15,38.325
12.125,38.3
12.1,38.275
12.075,38.25
12.05,38.225
12.025,38.2
12,38.175
11.975,38.15
11.95,38.125
11.925,38.1
11.9,38.1
11.875,38.075
11.85,38.05
11.825,38.025
11.8,38
11.775,37.975
11.75,37.95
11.725,37.925
11.7,37.9
11.675,37.875
11.65,37.85
11.625,37.825
11.6,37.8
11.575,37.775
11.55,37.75
11.525,37.725
11.5,37.7
11.475,37.675
11.45,37.65
11.425,37.625
11.4,37.6
11.375,37.575
11.35,37.55
11.325,37.525
11.3,37.5
11.3,37.475
11.275,37.45
11.25,37.45
11.225,37.425
11.2,37.4
11.2,37.375
11.175,37.35
11.15,37.325
11.125,37.3
11.1,37.275
11.075,37.25
11.05,37.225
11.025,37.2
11,37.175
10.975,37.15
10.95,37.125
10.95,37.1
10.925,37.075
10.9,37.05
10.875,37.05
10.875,37.025
10.85,37
10.825,36.975
10.8,36.95
10.775,36.925
10.75,36.9
10.725,36.875
10.725,36.85
10.7,36.825
10.675,36.8
10.65,36.775
10.625,36.75
10.6,36.725
10.6,36.7
10.575,36.675
10.55,36.65
10.525,36.625
10.5,36.6
10.475,36.575
10.45,36.55
10.45,36.525
10.425,36.5
10.4,36.475
10.375,36.45
10.35,36.425
10.35,36.4
10.325,36.375
10.3,36.35
10.275,36.325
10.25,36.3
10.25,36.275
10.225,36.25
10.2,36.225
10.175,36.2
10.15,36.175
10.15,36.15
10.125,36.125
10.1,36.1
10.1,36.075
10.075,36.05
10.05,36.025
10.025,36
10.025,35.975
10,35.95
9.975,35.925
9.95,35.9
9.95,35.875
9.925,35.85
9.9,35.825
9.875,35.8
9.875,35.775
9.85,35.75
9.825,35.725
9.8,35.7
9.8,35.675
9.775,35.65
9.775,35.625
9.75,35.6
9.725,35.575
9.7,35.55
9.7,35.525
9.675,35.5
9.65,35.475
9.65,35.45
9.625,35.425
9.6,35.4
9.6,35.375
9.575,35.35
9.55,35.325
9.55,35.3
9.525,35.275
9.5,35.25
9.5,35.225
9.475,35.2
9.45,35.175
9.45,35.15
9.425,35.125
9.4,35.1
9.4,35.075
9.375,35.05
9.375,35.025
9.35,35
9.325,34.975
9.325,34.95
9.3,34.925
9.3,34.9
9.275,34.875
9.275,34.85
9.25,34.825
9.25,34.8
9.25,34.775
9.25,34.75
9.225,34.725
9.2,34.725
9.2,34.7
9.2,34.675
9.2,34.65
9.175,34.625
9.175,34.6
9.15,34.575
9.15,34.55
9.125,34.525
9.1,34.5
9.1,34.475
9.075,34.45
9.075,34.425
9.05,34.4
9.025,34.375
9.025,34.35
9,34.325
9,34.3
8.975,34.275
8.975,34.25
8.95,34.225
8.95,34.2
8.925,34.175
8.925,34.15
8.9,34.125
8.9,34.1
8.875,34.075
8.85,34.05
8.85,34.025
8.825,34
8.825,33.975
8.8,33.95
8.8,33.925
8.8,33.9
8.775,33.875
8.775,33.85
8.75,33.825
8.75,33.8
8.725,33.775
8.7,33.75
8.7,33.725
8.7,33.7
8.675,33.675
8.675,33.65
8.65,33.625
8.65,33.6
8.625,33.575
8.625,33.55
8.6,33.525
8.6,33.5
8.6,33.475
8.575,33.45
8.575,33.425
8.55,33.4
8.55,33.375
8.55,33.35
8.525,33.325
8.525,33.3
8.525,33.275
8.5,33.25
8.5,33.225
8.475,33.2
8.475,33.175
8.45,33.15
8.45,33.125
8.425,33.1
8.425,33.075
8.4,33.05
8.375,33.025
8.375,33
8.375,32.975
8.35,32.95
8.35,32.925
8.35,32.9
8.325,32.875
8.325,32.85
8.3,32.825
8.3,32.8
8.3,32.775
8.275,32.75
8.275,32.725
8.275,32.7
8.25,32.675
8.25,32.65
8.225,32.625
8.225,32.6
8.225,32.575
8.2,32.55
8.2,32.525
8.175,32.5
8.175,32.475
8.175,32.45
8.15,32.425
8.15,32.4
8.125,32.375
8.125,32.35
8.125,32.325
8.1,32.3
8.1,32.275
8.075,32.25
8.075,32.225
8.075,32.2
8.05,32.175
8.05,32.15
8.05,32.125
8.025,32.1
8.025,32.075
8,32.05
8,32.025
8,32
8,31.975
7.975,31.95
7.975,31.925
7.95,31.9
7.95,31.875
7.95,31.85
7.925,31.825
7.925,31.8
7.925,31.775
7.9,31.75
7.875,31.725
7.875,31.7
7.875,31.675
7.85,31.65
7.85,31.625
7.85,31.6
7.85,31.575
7.825,31.55
7.825,31.525
7.825,31.5
7.825,31.475
7.8,31.45
7.8,31.425
7.775,31.4
7.775,31.375
7.775,31.35
7.775,31.325
7.775,31.3
7.75,31.275
7.75,31.25
7.75,31.225
7.725,31.2
7.725,31.175
7.725,31.15
7.725,31.125
7.7,31.1
7.7,31.075
7.7,31.05
7.675,31.025
7.675,31
7.675,30.975
7.675,30.95
7.65,30.925
7.65,30.9
7.65,30.875
7.65,30.85
7.625,30.825
7.625,30.8
7.625,30.775
7.625,30.75
7.6,30.725
7.6,30.7
7.6,30.675
7.6,30.65
7.6,30.625
7.575,30.6
7.575,30.575
7.575,30.55
7.575,30.525
7.55,30.5
7.55,30.475
7.55,30.45
7.525,30.425
7.525,30.4
7.525,30.375
7.525,30.35
7.525,30.325
7.5,30.3
7.5,30.275
7.5,30.25
7.5,30.225
7.5,30.2
7.475,30.175
7.475,30.15
7.475,30.125
7.475,30.1
7.475,30.075
7.475,30.05
7.475,30.025
7.475,30
7.45,29.975
7.45,29.95
7.45,29.925
7.45,29.9
7.425,29.875
7.425,29.85
7.425,29.825
7.425,29.8
7.425,29.775
7.425,29.75
7.425,29.725
7.425,29.7
7.4,29.675
7.4,29.65
7.4,29.625
7.4,29.6
7.4,29.575
7.4,29.55
7.4,29.525
7.375,29.5
7.375,29.475
7.375,29.45
7.375,29.425
7.375,29.4
7.375,29.375
7.375,29.35
7.35,29.325
7.35,29.3
7.35,29.275
7.35,29.25
7.35,29.225
7.35,29.2
7.35,29.175
7.35,29.15
7.35,29.125
7.325,29.1
7.325,29.075
7.325,29.05
7.325,29.025
7.325,29
7.325,28.975
7.325,28.95
7.3,28.925
7.3,28.9
7.3,28.875
7.3,28.85
7.3,28.825
7.3,28.8
7.3,28.775
7.3,28.75
7.3,28.725
7.275,28.7
7.275,28.675
7.275,28.65
7.275,28.625
7.275,28.6
7.275,28.575
7.275,28.55
7.275,28.525
7.275,28.5
7.25,28.475
7.25,28.45
7.25,28.425
7.25,28.4
7.25,28.375
7.25,28.35
7.25,28.325
7.25,28.3
7.25,28.275
7.25,28.25
7.225,28.225
7.225,28.2
7.225,28.175
7.225,28.15
7.225,28.125
7.225,28.1
7.225,28.075
7.225,28.05
7.225,28.025
7.225,28
7.225,27.975
7.2,27.95
7.2,27.925
7.2,27.9
7.2,27.875
7.2,27.85
7.2,27.825
7.2,27.8
7.2,27.775
7.2,27.75
7.2,27.725
7.2,27.7
7.175,27.675
7.175,27.65
7.175,27.625
7.175,27.6
7.175,27.575
7.175,27.55
7.175,27.525
7.175,27.5
7.175,27.475
7.175,27.45
7.175,27.425
7.15,27.4
7.15,27.375
7.15,27.35
7.15,27.325
7.15,27.3
7.15,27.275
7.15,27.25
7.15,27.225
7.15,27.2
7.15,27.175
7.15,27.15
7.15,27.125
7.125,27.1
7.125,27.075
7.125,27.05
7.125,27.025
7.125,27
7.125,26.975
7.125,26.95
7.125,26.925
7.125,26.9
7.125,26.875
7.125,26.85
7.125,26.825
7.1,26.8
7.1,26.775
7.1,26.75
7.1,26.725
7.1,26.7
7.1,26.675
7.1,26.65
7.1,26.625
7.1,26.6
7.1,26.575
7.1,26.55
7.1,26.525
7.075,26.5
7.075,26.475
7.075,26.45
7.075,26.425
7.075,26.4
7.075,26.375
7.075,26.35
7.075,26.325
7.075,26.3
7.075,26.275
7.075,26.25
7.075,26.225
7.075,26.2
7.075,26.175
7.05,26.15
7.05,26.125
7.05,26.1
7.05,26.075
7.05,26.05
7.05,26.025
7.05,26
7.05,25.975
7.05,25.95
7.05,25.925
7.05,25.9
7.05,25.875
7.05,25.85
7.05,25.825
7.05,25.8
7.025,25.775
7.025,25.75
7.025,25.725
7.025,25.7
7.025,25.675
7.025,25.65
7.025,25.625
7.025,25.6
7.025,25.575
7.025,25.55
7.025,25.525
7.025,25.5
7.025,25.475
7.025,25.45
7.025,25.425
7.025,25.4
7,25.375
7,25.35
7,25.325
7,25.3
7,25.275
7,25.25
7,25.225
7,25.2
7,25.175
7,25.15
7,25.125
7,25.1
7,25.075
7,25.05
7,25.025
7,25
6.975,24.975
6.975,24.95
6.975,24.925
6.975,24.9
6.975,24.875
6.975,24.85
6.975,24.825
6.975,24.8
6.975,24.775
6.975,24.75
6.975,24.725
6.975,24.7
6.975,24.675
6.975,24.65
6.975,24.625
6.975,24.6
6.975,24.575
6.975,24.55
6.975,24.525
6.975,24.5
6.975,24.475
6.975,24.45
6.95,24.425
6.975,24.4
6.95,24.375
6.95,24.35
6.95,24.325
6.95,24.3
6.95,24.275
6.95,24.25
6.95,24.225
6.95,24.2
6.95,24.175
6.95,24.15
6.95,24.125
6.95,24.1
6.95,24.075
6.95,24.05
6.95,24.025
6.95,24
6.95,23.975
6.95,23.95
6.95,23.925
6.95,23.9
6.95,23.875
6.95,23.85
6.95,23.825
6.95,23.8
6.95,23.775
6.95,23.75
6.95,23.725
6.95,23.7
6.95,23.675
6.925,23.65
6.925,23.625
6.925,23.6
6.925,23.575
6.925,23.55
6.925,23.525
6.925,23.5
6.925,23.475
6.925,23.45
6.925,23.425
6.925,23.4
6.925,23.375
6.925,23.35
6.925,23.325
6.925,23.3
6.925,23.275
6.925,23.25
6.925,23.225
6.925,23.2
6.925,23.175
6.925,23.15
6.925,23.125
6.925,23.1
6.925,23.075
6.925,23.05
6.925,23.025
6.925,23
6.925,22.975
6.925,22.95
6.925,22.925
6.925,22.9
6.925,22.875
6.925,22.85
6.925,22.825
6.925,22.8
6.925,22.775
6.925,22.75
6.925,22.725
6.925,22.7
6.9,22.675
6.9,22.65
6.925,22.625
6.925,22.6
6.925,22.575
6.925,22.55
6.925,22.525
6.925,22.5
6.925,22.475
6.925,22.45
6.925,22.425
6.925,22.4
6.925,22.375
6.925,22.35
6.925,22.325
6.925,22.3
6.925,22.275
6.9,22.25
6.9,22.225
6.925,22.2
6.925,22.175
6.925,22.15
6.9,22.125
6.925,22.1
6.925,22.075
6.925,22.05
6.925,22.025
6.925,22
6.925,21.975
6.925,21.95
6.925,21.925
6.925,21.9
6.925,21.875
6.925,21.85
6.925,21.825
6.925,21.8
6.925,21.775
6.925,21.75
6.925,21.725
6.925,21.7
6.925,21.675
6.925,21.65
6.925,21.625
6.925,21.6
6.925,21.575
6.925,21.55
6.925,21.525
6.925,21.5
6.925,21.475
6.925,21.45
6.925,21.425
6.925,21.4
6.925,21.375
6.925,21.35
6.925,21.325
6.925,21.3
6.925,21.275
6.925,21.25
6.925,21.225
6.925,21.2
6.925,21.175
6.925,21.15
6.925,21.125
6.925,21.1
6.925,21.075
6.925,21.05
6.925,21.025
6.925,21
6.925,20.975
6.925,20.95
6.925,20.925
6.925,20.9
6.95,20.875
6.95,20.85
6.95,20.825
6.95,20.8
6.95,20.775
6.95,20.75
6.95,20.725
6.95,20.7
6.95,20.675
6.95,20.65
6.95,20.625
6.95,20.6
6.95,20.575
6.95,20.55
6.95,20.525
6.95,20.5
6.95,20.475
6.95,20.45
6.95,20.425
6.95,20.4
6.95,20.375
6.95,20.35
6.95,20.325
6.95,20.3
6.95,20.275
6.95,20.25
6.95,20.225
6.95,20.2
6.95,20.175
6.95,20.15
6.95,20.125
6.95,20.1
6.95,20.075
6.95,20.05
6.975,20.025
6.95,20
6.975,19.975
6.975,19.95
6.975,19.925
6.975,19.9
6.975,19.875
6.975,19.85
6.975,19.825
6.975,19.8
6.975,19.775
6.975,19.75
6.975,19.725
6.975,19.7
6.975,19.675
6.975,19.65
6.975,19.625
6.975,19.6
6.975,19.575
6.975,19.55
6.975,19.525
6.975,19.5
6.975,19.475
6.975,19.45
6.975,19.425
6.975,19.4
7,19.375
7,19.35
7,19.325
7,19.3
7,19.275
7,19.25
7,19.225
7,19.2
7,19.175
7,19.15
7,19.125
7,19.1
7,19.075
7,19.05
7,19.025
7,19
7,18.975
7,18.95
7,18.925
7,18.9
7,18.875
7,18.85
7.025,18.825
7.025,18.8
7.025,18.775
7.025,18.75
7.025,18.725
7.025,18.7
7.025,18.675
7.025,18.65
7.025,18.625
7.025,18.6
7.025,18.575
7.025,18.55
7.025,18.525
7.025,18.5
7.025,18.475
7.025,18.45
7.025,18.425
7.05,18.4
7.025,18.375
7.05,18.35
7.05,18.325
7.05,18.3
7.05,18.275
7.05,18.25
7.05,18.225
7.05,18.2
7.05,18.175
7.05,18.15
7.05,18.125
7.05,18.1
7.05,18.075
7.05,18.05
7.05,18.025
7.075,18
7.075,17.975
7.075,17.95
7.075,17.925
7.075,17.9
7.075,17.875
7.075,17.85
7.075,17.825
7.075,17.8
7.075,17.775
7.075,17.75
7.075,17.725
7.075,17.7
7.1,17.675
7.075,17.65
7.1,17.625
7.1,17.6
7.1,17.575
7.1,17.55
7.1,17.525
7.1,17.5
7.1,17.475
7.1,17.45
7.1,17.425
7.1,17.4
7.1,17.375
7.125,17.35
7.125,17.325
7.125,17.3
7.125,17.275
7.125,17.25
7.125,17.225
7.125,17.2
7.125,17.175
7.125,17.15
7.125,17.125
7.125,17.1
7.125,17.075
7.15,17.05
7.15,17.025
7.15,17
7.15,16.975
7.15,16.95
7.15,16.925
7.15,16.9
7.15,16.875
7.175,16.85
7.175,16.825
7.175,16.8
7.175,16.775
7.175,16.75
7.175,16.725
7.175,16.7
7.175,16.675
7.2,16.65
7.2,16.625
7.2,16.6
7.2,16.575
7.2,16.55
7.2,16.525
7.2,16.5
7.225,16.475
7.225,16.45
7.225,16.425
7.225,16.4
7.225,16.375
7.225,16.35
7.225,16.325
7.25,16.3
7.25,16.275
7.25,16.25
7.25,16.225
7.25,16.2
7.275,16.175
7.275,16.15
7.275,16.125
7.275,16.1
7.275,16.075
7.3,16.05
7.3,16.025
7.3,16
7.3,15.975
7.3,15.95
7.325,15.925
7.325,15.9
7.325,15.875
7.325,15.85
7.325,15.825
7.35,15.8
7.35,15.775
7.35,15.75
7.35,15.725
7.35,15.7
7.375,15.675
7.375,15.65
7.375,15.625
7.375,15.6
7.4,15.575
7.4,15.55
7.4,15.525
7.4,15.5
7.425,15.475
7.425,15.45
7.425,15.425
7.425,15.4
7.45,15.375
7.45,15.35
7.45,15.325
7.45,15.3
7.475,15.275
7.475,15.25
7.475,15.225
7.475,15.2
7.5,15.175
7.5,15.15
7.5,15.125
7.5,15.1
7.525,15.075
7.525,15.05
7.525,15.025
7.55,15
7.55,14.975
7.55,14.95
7.55,14.925
7.575,14.9
7.575,14.875
7.575,14.85
7.6,14.825
7.6,14.8
7.6,14.775
7.625,14.75
7.625,14.725
7.625,14.7
7.625,14.675
7.65,14.65
7.65,14.625
7.65,14.6
7.675,14.575
7.675,14.55
7.675,14.525
7.7,14.5
7.7,14.475
7.7,14.45
7.725,14.425
7.725,14.4
7.725,14.375
7.75,14.35
7.75,14.325
7.75,14.3
7.75,14.275
7.775,14.25
7.775,14.225
7.775,14.2
7.8,14.175
7.8,14.15
7.825,14.125
7.825,14.1
7.825,14.075
7.85,14.05
7.85,14.025
7.85,14
7.875,13.975
7.875,13.95
7.9,13.925
7.9,13.9
7.925,13.875
7.925,13.85
7.925,13.825
7.95,13.8
7.95,13.775
7.975,13.75
7.975,13.725
7.975,13.7
8,13.675
8,13.65
8.025,13.625
8.025,13.6
8.05,13.575
8.05,13.55
8.075,13.525
8.075,13.5
8.075,13.475
8.1,13.45
8.1,13.425
8.125,13.4
8.125,13.375
8.125,13.35
8.15,13.325
8.175,13.3
8.175,13.275
8.175,13.25
8.2,13.225
8.2,13.2
8.225,13.175
8.225,13.15
8.25,13.125
8.25,13.1
8.275,13.075
8.275,13.05
8.3,13.025
8.3,13
8.325,12.975
8.325,12.95
8.35,12.925
8.35,12.9
8.375,12.875
8.4,12.85
8.4,12.825
8.425,12.8
8.45,12.775
8.45,12.75
8.475,12.725
8.475,12.7
8.5,12.675
8.5,12.65
8.525,12.625
8.525,12.6
8.55,12.575
8.575,12.55
8.575,12.525
8.6,12.5
8.6,12.475
8.625,12.45
8.625,12.425
8.65,12.4
8.65,12.375
8.675,12.35
8.675,12.325
8.7,12.3
8.725,12.275
8.75,12.25
8.75,12.225
8.775,12.2
8.775,12.175
8.8,12.15
8.8,12.125
8.825,12.1
8.85,12.075
8.85,12.05
8.875,12.025
8.9,12
8.9,11.975
8.925,11.95
8.925,11.925
8.95,11.9
8.975,11.875
8.975,11.85
9,11.825
9,11.8
9.025,11.775
9.05,11.75
9.075,11.725
9.075,11.7
9.1,11.675
9.125,11.65
9.125,11.625
9.15,11.6
9.15,11.575
9.175,11.55
9.2,11.525
9.225,11.5
9.225,11.475
9.25,11.45
